Line     Addres   Text                         Code

0000      0000    in                           09
0001      0001    pop ax                       66    01
0002      0003                          
0003      0003    in                           09
0004      0004    pop bx                       66    02
0005      0006                          
0006      0006    in                           09
0007      0007    pop rx                       66    18
0008      0009                          
0009      0009    push bx                      65    02
0010      0011    push 60                      33    60
0011      0013    mul                          05
0012      0014    pop qx                       66    17
0013      0016                          
0014      0016    push qx                      65    17
0015      0018    push ax                      65    01
0016      0020    add                          03
0017      0021    pop cx                       66    03
0018      0023                          
0019      0023    push 1                       33    01
0020      0025    pop [cx]                     194    03
0021      0027                          
0022      0027    push 0                       33    00
0023      0029    pop xx                       66    24
0024      0031                          
0025      0031    x_iteration:                 31
0026      0031        push 0                   33    00
0027      0033        pop yx                   66    25
0028      0035                          
0029      0035    y_iteration:                 35
0030      0035        push ax                  65    01
0031      0037        push xx                  65    24
0032      0039        sub                      04
0033      0040        pow                      15
0034      0041                          
0035      0041        push bx                  65    02
0036      0043        push yx                  65    25
0037      0045        sub                      04
0038      0046        pow                      15
0039      0047                          
0040      0047        add                      03
0041      0048                          
0042      0048        push rx                  65    18
0043      0050        pow                      15
0044      0051                          
0045      0051        jb :not_in_circle        22    67
0046      0053                          
0047      0053        push xx                  65    24
0048      0055        push yx                  65    25
0049      0057        push 60                  33    60
0050      0059        mul                      05
0051      0060        add                      03
0052      0061        pop dx                   66    04
0053      0063                          
0054      0063        push 1                   33    01
0055      0065        pop [dx]                 194    04
0056      0067                          
0057      0067    not_in_circle:               67
0058      0067        push yx                  65    25
0059      0069        push 1                   33    01
0060      0071        add                      03
0061      0072        pop yx                   66    25
0062      0074                          
0063      0074        push yx                  65    25
0064      0076        push 30                  33    30
0065      0078        ja :y_iteration          24    35
0066      0080                          
0067      0080        push xx                  65    24
0068      0082        push 1                   33    01
0069      0084        add                      03
0070      0085        pop xx                   66    24
0071      0087                          
0072      0087        push xx                  65    24
0073      0089        push 60                  33    60
0074      0091        ja :x_iteration          24    31
0075      0093                          
0076      0093    ram                          19
0077      0094    circle                       20
0078      0095    hlt                          00